150 150
32
143
46
58
149
107
121
40
102
100
147
0
33
34
57
19
95
118
127
44
105
125
124
107
56
41
47
23
36
25
71
64
60
103
43
109
61
43
7
106
136
37
128
100
132
24
114
82
2
9
24
125
134
43
57
101
0
79
52
10
68
92
91
37
115
110
129
101
9
5
54
81
91
113
121
55
77
98
58
126
27
139
94
18
116
95
76
100
149
15
101
129
146
132
6
62
27
16
23
32
92
37
139
95
59
9
145
114
8
105
8
32
83
12
21
52
108
83
131
145
128
35
101
25
6
7
109
54
109
26
70
47
8
66
53
13
81
42
66
124
35
52
93
27
130
100
78
131
136
60
799
501
777
589
352
808
160
681
495
517
971
947
855
295
88
792
239
488
165
485
448
89
826
597
230
116
996
15
229
92
571
737
478
64
454
2
730
299
941
455
38
192
959
476
503
44
797
517
568
572
934
493
426
177
773
150
828
681
841
82
243
880
683
459
123
375
13
598
830
963
473
317
997
969
511
156
165
337
195
212
332
944
758
111
12
803
244
259
302
984
207
987
851
951
826
73
367
266
776
841
527
609
989
442
876
297
173
390
297
461
844
853
98
861
758
404
437
390
392
892
941
746
518
112
20
826
702
198
177
185
893
394
947
275
97
56
53
470
783
849
378
632
54
999
74
657
652
172
726
522
